Channel 0
Ch1 = 388; Ch2 = 889
Sig1 = 7.61187; Sig2 = 5.54178
Channel 1
Ch1 = 283; Ch2 = 642
Sig1 = 7.57175; Sig2 = 5.47402
